9
36
Add_City 
Adelaide 0
Alice 1321
Brisbane 1600
Cairns 2117
Canberra 960
Darwin 2609
Melbourne 661
Perth 2135
Sydney 1164
Add_Adjacent 
0 1 1533
0 2 2044
0 3 3143
0 4 1204
0 5 3042
0 6 728
0 7 2725
0 8 1427
1 2 3100
1 3 2500
1 4 2680
1 5 1489
1 6 2270
1 7 3630
1 8 2850
2 3 1718
2 4 1268
2 5 3415
2 6 1669
2 7 4384
2 8 1010
3 4 2922
3 5 3100
3 6 3387
3 7 5954
3 8 2730
4 5 3917
4 6 647
4 7 3911
4 8 288
5 6 4045
5 7 4250
5 8 3991
6 7 3430
6 8 963
7 8 4110