12
66
Add_City 
Jeddah 0
Makkah 61
Madinah 357
Riyadh 854
Dammam 1235
Taif 127
Abha 480
Tabuk 829
Qasim 719
Hail 729
Jizan 593
Najran 663
Add_Adjacent 
0 1 79
0 2 420
0 3 949
0 4 1343
0 5 167
0 6 625
0 7 1024
0 8 863
0 9 777
0 10 710
0 11 905
1 2 358
1 3 870
1 4 1265
1 5 88
1 6 627
1 7 1037
1 8 876
1 9 790
1 10 685
1 11 912
2 3 848
2 4 1343
2 5 446
2 6 985
2 7 679
2 8 518
2 9 432
2 10 1043
2 11 1270
3 4 395
3 5 782
3 6 1064
3 7 1304
3 8 330
3 9 640
3 10 1272
3 11 950
4 5 1177
4 6 1495
4 7 1729
4 8 725
4 9 1035
4 10 1667
4 11 1345
5 6 561
5 7 1204
5 8 936
5 9 957
5 10 763
5 11 864
6 7 1649
6 8 1488
6 9 1402
6 10 202
6 11 280
7 8 974
7 9 664
7 10 1722
7 11 1929
8 9 310
8 10 1561
8 11 1280
9 10 1475
9 11 1590
10 11 482
